seg-functions/bob.asc
NCOLS 22 
NROWS 27 
XLLCORNER 582022.312500007 
YLLCORNER 3343969.52093981 
CELLSIZE 6000 
NODATA_value -9999 
0.000000000000000 8.62497543412924e-34 5.40644512117855e-24 1.71982946638303e-16 1.58363287996794e-11 4.28546838327692e-09 3.11797962323146e-08 3.02476797873423e-08 4.13855281947423e-09 1.93086654013227e-11 2.2699852422604e-16 0 0 0 0 0 0 0 0 0 0 0
2.44300852636866e-43 2.73227120609972e-31 2.40247514140329e-21 1.55311546631841e-13 4.69775360688233e-08 4.26312150210517e-06 8.4802518425015e-06 7.98797944181892e-06 3.69220715833268e-06 6.04143907350814e-08 3.97875139125821e-13 1.74231521177811e-18 1.8311733318376e-24 0 0 0 0 0 0 0 0 0
3.41893102304309e-39 2.93009279397704e-28 3.29076706353138e-19 5.98366986010994e-12 1.50834445616902e-06 4.63995960988205e-05 3.22537795929736e-05 3.22382495165322e-05 4.05798765235124e-05 4.2322367963409e-06 7.70441758461279e-09 4.78952360978605e-13 1.31774919930413e-18 2.22719230949961e-28 0 0 0 0 0 0 0 0
1.01060025442142e-22 8.52951671394092e-18 1.07223462982149e-14 1.06820183187125e-10 1.38808487844593e-06 2.13501358748347e-05 1.11777172182444e-05 1.19904116177399e-05 6.80960650173767e-06 1.643570237969e-05 5.3503027787446e-07 3.8910159744086e-10 8.08539414881254e-15 2.99709947428153e-22 2.96636513558171e-26 2.74685686316819e-30 0 0 0 0 0 0
9.82412076473728e-18 6.52397385607612e-13 1.03848004444583e-09 8.18173163853618e-08 2.58605241471458e-06 2.10060309449291e-05 0.000109259464610927 0.000136440356465541 1.86046158925709e-05 1.75835659428377e-05 3.37397383199718e-06 1.7460074452582e-08 1.95015814587067e-12 1.99331262859027e-17 3.5090511890643e-19 1.44136383795961e-21 1.24922885310492e-24 2.28109265576969e-28 0 0 0 0
1.48639189199451e-14 5.56785568763482e-10 3.7941803200333e-07 1.52960829062535e-05 5.00906260205167e-05 6.42651376049816e-05 0.00044292739859995 0.000744063188311318 0.000302735620777291 6.215375887288e-05 9.08767898864334e-06 1.77890416434544e-07 6.78948264885885e-11 6.92352027772671e-14 1.3728411671381e-15 6.07206718944e-18 6.16511105847159e-21 1.58920261088831e-24 7.07756644394827e-29 0 0 0
8.18908119526463e-13 1.9750059833215e-08 5.21225573951817e-06 3.76031305021826e-05 6.09384952346397e-05 0.000120181302795053 0.000500266887027771 0.000756112283622693 0.00107014814446816 0.000609270723798436 5.14821669880254e-05 9.19988605136422e-07 1.30289882283965e-09 5.79868031645764e-11 1.23515669773e-12 6.34471412917366e-15 8.74967007732629e-18 3.6370191613277e-21 3.7132163236947e-25 0 0 0
1.23964012513582e-11 8.77157037910923e-08 2.22715520447909e-05 8.0969274379689e-05 0.000126061504973449 0.000114215945742287 0.000486897021286022 0.000998589464619656 0.00132266697861242 0.000988921028778004 0.000186426185414557 5.24386602369933e-06 1.35760649845985e-07 1.20514572970677e-08 2.97933199519655e-10 3.37910836343749e-12 1.67946364744177e-12 1.0061644708518e-13 1.25612281022567e-16 2.12255819180325e-21 2.0216918175094e-27 0
6.40418324144044e-11 1.31546484510859e-07 4.15642131092833e-05 0.000119981847750002 0.000309893015758381 0.000251893572729744 0.000295624257481069 0.000782862846271326 0.0014555148720999 0.00143064644193515 0.000289675454618404 8.85371635529472e-05 8.98984862142852e-06 7.58786330909255e-07 2.70480940189334e-08 5.75802114757527e-08 9.28417223018454e-08 6.253730604684e-09 1.33469804488964e-11 1.93283234498316e-14 5.17376945768729e-17 1.84629995353979e-20
1.27366616189566e-10 5.24561544847613e-08 7.86074580458189e-06 0.000123438074967191 0.00100058203908111 0.000705697657041744 0.000418440262805422 0.00103755180337075 0.00296732956913334 0.00450710635147724 0.00166003659459149 0.00315084745026212 0.000436929731561279 2.82407320778326e-05 2.28031004231002e-06 3.4720072248925e-05 6.855017943229e-05 4.60793331071392e-06 4.91988538997581e-08 1.23958205783043e-09 3.31746933053914e-11 1.97650351201326e-14
1.95947672864173e-08 4.67101988983682e-07 7.47643325470343e-06 7.1104874436817e-05 0.000322888761673664 0.000692857299586733 0.00172794150627932 0.00478897087824143 0.0150504322535904 0.0156065801154256 0.01286354542204 0.0282865814312152 0.00866451841451402 0.000935541439900646 9.49840771355535e-05 0.000423909279444753 0.00097536813178494 8.09552398015129e-05 1.33885275980483e-05 5.65285818477165e-06 1.93151411002413e-07 3.51902223726079e-10
6.59117493212099e-07 1.33210986369073e-05 0.000180227268533859 0.000304644881949698 0.000230629100304784 0.000643877872867821 0.00212502898052933 0.00918283431573376 0.134968687094019 0.130140881437015 0.108396040953388 0.0468726183260168 0.0548185106372434 0.00748972861022004 0.000481310485256157 0.000329899650378068 0.000395569104808789 0.000327774128311941 0.000583370271194031 0.000537432442194914 3.05579512357578e-05 9.53768758940487e-08
1.17837479853345e-05 0.000155315868030708 0.000621693696593086 0.000538820203773391 0.000229570291635254 0.000898228535757988 0.00352934246408809 0.00872216925963767 0.0769272022518864 0.0644899973849628 0.0516627876986314 0.014238659900155 0.014781012550382 0.00432168136583545 0.000585665237854026 0.000134899285391813 0.000155903972567771 0.000240189608145344 0.000902489307694039 0.00131586069334286 0.000106501129689258 7.48344358042553e-07
2.12822196018627e-05 0.00031200314927173 0.000421383807894333 0.000436902084246275 0.000367444147697234 0.000893207560553951 0.00199182120604831 0.00610802260141364 0.021104629244421 0.0107578384660141 0.00221129406448043 0.000720234616860355 0.000754737050990986 0.000977305102908615 0.000403100004593106 6.17413126040061e-05 6.20037809195364e-05 9.84870270009979e-05 0.000209889274378522 0.00085153374368549 0.000374116290721355 3.26025473565279e-06
8.28333681286726e-07 9.06176283464493e-06 3.81156986815431e-05 0.000269190597466875 0.00126608891085702 0.000566613180537675 0.000500094875024989 0.00310380501718686 0.0128798093301221 0.00580385810781188 0.0029262701315942 0.00157754664842727 0.000376343274187803 0.000672953746346167 0.00039712542388239 4.88816664443364e-05 1.29808183267031e-05 1.1864976797698e-05 5.98097161951652e-05 0.000146068412981747 4.40386554122563e-05 4.77339958914657e-07
5.82545668530328e-10 1.04273314015056e-08 4.51288052764921e-07 9.19347086113191e-05 0.000857670564769657 0.000318230725983255 0.000137768438988348 0.000370290329043914 0.00320133929970232 0.00362383823243267 0.00143437430010425 0.00149892779717593 0.00190305106011202 0.000459410175279582 0.000489653589515874 0.000140537475553786 1.79651649544072e-05 2.90350279446471e-05 4.52382070520241e-05 9.23233355796022e-06 2.4340660802241e-07 1.33296700505317e-09
4.56049476375875e-14 1.01631452075639e-12 3.62107351019894e-09 1.23373061047372e-06 9.41547529551184e-06 7.99516012032177e-06 2.89962251952659e-06 3.79760067054778e-05 0.000394838022534225 0.000610461610765283 0.000318310364889737 0.00059206685137701 0.00235394232933067 0.000259170539358095 0.000192757598980592 0.000129647023882155 8.55549925340149e-06 1.95255113516667e-07 4.11971321910427e-07 7.73548393116756e-08 4.76063674749796e-10 1.33606221288395e-13
1.07046265254032e-18 7.10290312585397e-16 2.32565661082795e-12 5.31878228998709e-10 6.80708709538467e-09 1.29432846072713e-08 3.85600014621949e-08 1.48422289681237e-05 9.47503386917435e-05 9.67299815977835e-05 0.000221872300373952 0.000404029802534531 0.000525499650330132 0.000225363519995905 0.000209212601787171 0.000297574787850437 3.11871788028243e-05 3.26991611470092e-07 8.76623860754571e-11 9.14908509415076e-12 5.03537763641318e-14 3.66296235467706e-18
1.654063169686e-23 3.81943627560367e-19 8.53714984752874e-16 1.62315457107452e-13 3.00882542228554e-12 7.00976371397356e-12 1.83297605699223e-09 4.01204066476298e-06 3.92542582218793e-05 9.65691488053268e-06 9.60736052640695e-05 0.000346009349671724 0.000707948257680369 0.000418758349851494 0.000192330204723705 0.00052513118542705 7.67345486420355e-05 4.86163782717423e-06 1.40811037165381e-08 1.67180630211023e-12 9.7621440781375e-19 3.61148961401586e-24
7.74902023849057e-28 1.97506186257143e-23 4.24606389763786e-20 8.12419985248726e-18 1.58606530172236e-16 4.09798895990793e-16 1.46873250569934e-12 2.64907801231458e-09 1.72799043700114e-08 2.13796521517016e-07 1.87751205776249e-05 0.000123551741328305 0.000111222887936847 9.72114623901229e-05 5.03842116100477e-05 0.000200214102594183 8.75873743548262e-05 5.66176654238418e-05 6.17351426446631e-07 6.37613110672997e-11 3.23685297938266e-17 3.07482788839975e-32
3.75059595229293e-33 9.29752824410228e-29 1.98078640634946e-25 3.85872893733098e-23 7.8233365862424e-22 2.66324276910229e-21 4.39702688823253e-18 3.03085010523236e-15 6.13200584833284e-12 6.16416825001244e-08 8.08795336235197e-06 4.1257298732942e-05 4.38895233492049e-05 3.4937923867138e-05 4.84558544378449e-06 3.1385906863648e-05 7.88861843146563e-05 2.31559527931368e-05 3.65408524608926e-07 5.17675759762314e-11 2.48134672348657e-17 2.01336314287961e-42
1.6045783008468e-39 3.93083958927643e-35 8.40024274137174e-32 1.66857956294048e-29 3.69910124597918e-28 6.94635367683835e-27 5.89363565595156e-25 1.48221507838515e-19 2.70207008643053e-13 6.76824294926318e-09 3.81694661154046e-06 5.69205865695761e-05 2.79812258084655e-05 5.77919904674265e-07 7.19719327920841e-09 1.45307507140868e-07 1.82642342592727e-06 5.66849173290766e-07 6.38200713769551e-09 1.05938836167593e-12 3.7935027306873e-19 3.80391458849498e-61
6.0034895422326e-47 1.46528353470081e-42 3.16105226479076e-39 6.81018087818653e-37 6.60533140070382e-35 1.19950154521137e-32 1.12433822350229e-30 1.64386141211045e-22 7.41303663159786e-16 8.68159527091377e-11 4.6078492104814e-07 4.25129054427329e-05 8.19178227776655e-06 4.6734408519488e-08 8.14716800054598e-12 2.54687145659167e-11 4.16355481218448e-10 1.83810833497659e-10 2.03935053580685e-12 3.16924957841325e-16 5.26425430331437e-23 0
4.07910398067328e-58 7.21074735458493e-53 2.40943042705858e-48 1.51616156686555e-44 1.79305525412818e-41 4.00920865990275e-39 5.696669157889e-36 3.60599936770987e-27 7.88327231184364e-20 6.27877123832767e-14 8.76479357241671e-10 7.35434141586294e-08 2.75305824255322e-08 1.15212880318002e-10 1.11043388091595e-14 5.74155165412878e-17 1.03850951897038e-15 5.29860009663869e-16 6.37546960991692e-18 9.65441900377373e-22 5.23932293446019e-29 0
0 0 0 0 1.0019629197129e-92 8.67896188799495e-54 1.08560161927625e-42 7.19211777101795e-33 7.72916452794753e-25 7.92696968824471e-19 6.32235829813159e-15 2.84831697640489e-13 1.74615631818309e-13 1.53011327471501e-15 1.53389274069401e-19 1.24009393048537e-24 2.26090150090202e-23 1.24410632468148e-23 1.6018901645725e-25 2.45469477678906e-29 3.48600717414895e-37 0
0 0 0 0 0 2.77952737782561e-62 4.87809028696209e-50 6.30888638621493e-40 6.60287376869307e-32 5.26180412745559e-26 2.78389228378884e-22 1.07476451370099e-20 7.8366496651591e-21 1.03141927257656e-22 1.35319422066096e-26 4.04903351204188e-33 3.91747853892167e-33 2.25710518394117e-33 3.05153594774358e-35 4.78489733942518e-39 1.4854289282983e-47 0
0 0 0 0 0 1.4784096284853e-71 2.9537946065471e-59 3.61610457547344e-49 3.29508082555815e-41 2.10546294080645e-35 8.99823234616378e-32 3.32409359702555e-30 2.65955829474017e-30 4.36917512504569e-32 7.19957290581725e-36 1.93681670736803e-42 5.15260952671454e-45 3.05787007643456e-45 4.27383551673805e-47 6.84086679542551e-51 0 0
